20 1
38 356 98 -102 126 46 65 -9 100 0 21 2 90 8 18 12 78 16 189 23
20 2
38 356 98 -102 126 46 65 -9 100 0 21 2 90 8 18 12 78 16 189 23
20 3
38 356 98 -102 126 46 65 -9 100 0 21 2 90 8 18 12 78 16 189 23
20 4
38 356 98 -102 126 46 65 -9 100 0 21 2 90 8 18 12 78 16 189 23
20 5
38 356 98 -102 126 46 65 -9 100 0 21 2 90 8 18 12 78 16 189 23
30 1
123 345 5 -123 -4 23 -69 89 10 0 -3 23 -7 67 233 -89 -32 367 -45 45 678 -12 42 -48 -14 -36 35 7 8 9
30 2
123 345 5 -123 -4 23 -69 89 10 0 -3 23 -7 67 233 -89 -32 367 -45 45 678 -12 42 -48 -14 -36 35 7 8 9
30 3
123 345 5 -123 -4 23 -69 89 10 0 -3 23 -7 67 233 -89 -32 367 -45 45 678 -12 42 -48 -14 -36 35 7 8 9
30 4
123 345 5 -123 -4 23 -69 89 10 0 -3 23 -7 67 233 -89 -32 367 -45 45 678 -12 42 -48 -14 -36 35 7 8 9
30 5
123 345 5 -123 -4 23 -69 89 10 0 -3 23 -7 67 233 -89 -32 367 -45 45 678 -12 42 -48 -14 -36 35 7 8 9